81,193
81,192
81,191
81,190
81,189
81,188
81,187
81,186
81,185
81,184
81,183
81,182
81,181
81,180
81,179
81,178
81,177
81,176
81,175
81,174
81,173
81,172
81,171
81,170
81,169
81,168
81,167
81,166
81,165
81,164
81,163
81,162
81,161
81,160
81,159
81,158
81,157
81,156
81,155
81,154
81,153
81,152
81,150
81,149
81,148
81,147
81,146
81,145
81,144
81,143
81,142
81,141
81,140
81,139
81,138
81,137
81,136
81,135
81,134
81,133
81,132
81,131
81,130
81,129
81,128
81,127
81,126
81,125
81,124
81,123
81,122
81,121
81,120
81,119
81,118
81,117
81,116
81,115
81,114
81,113
81,112
81,111
81,110
81,109
81,108
81,107
81,106
81,105
81,104
81,103
81,102
81,101
81,100
81,99
81,98
81,97
81,96
81,95
81,94
81,93
81,92
81,91
81,90
81,89
81,88
81,87
81,86
81,85
81,84
81,83
81,82
81,81
81,80
81,79
81,78
81,77
81,76
81,75
81,74
81,73
81,72
81,71
81,70
81,69
81,68
81,67
81,66
81,65
81,64
81,38
81,37
81,36
81,35
81,34
81,33
81,32
81,31
81,30
81,29
81,28
81,27
81,26
81,25
81,24
81,23
81,22
81,21
81,20
81,19
81,18
81,17
81,16
81,15
81,14
81,13
81,12
81,11
81,10
81,9
81,8
81,7
81,608
81,388
81,58
81,60
81,41
81,47
81,62
81,6
81,51
81,39
81,50
81,5
81,44
81,385
81,57
81,49
81,53
81,4
81,342
81,151
81,331
81,467
81,222
81,200
81,251
81,1
81,308
81,2
81,3
72,1
72,3
75,1
75,3
71,1
71,3
14,5
0,273
0,270
0,467
3,2
3,1
3,3
10,226
10,8
10,134
10,72
10,234
10,284
10,206
10,1
10,4
10,2
10,3
11,22
11,6
11,16
11,1
11,9
11,2
11,3
9,7
